142 113 142 170 227 255 227 198 227 255 113 85  57  85  170 255 227 198 255 227 198 170 142 113 57  28  57  85  113 227 255 85  57  198 170 142 198 255 227 198 227 142 170 198 227 255 170 142 170 198 255 255 227 198 142 113 85  170 142 170 198 255 255 255 28   0  255 227 198 170 142 113 85  57  28  57  85  113 142 170 198 255 227 85  57  57  57  85  142 170 255 227 198 170 142 170 198 227 255 57 
113 85  113 142 255 227 198 170 198 227 255 142 85  113 142 255 198 170 198 255 227 255 170 142 113 85  113 142 170 198 227 255 28  170 142 113 255 227 198 170 142 113 142 170 227 255 85  113 142 255 227 198 170 142 113 85  57  85  113 255 255 227 198 227 255 255 227 198 170 142 113 85  57  28   0  28  57  85  113 142 255 255 198 113 28   0  28  57  113 142 170 255 255 198 113 142 170 255  0  28 
85  57  85  255 227 198 170 142 170 142 170 255 113 142 170 255 170 142 85  57  255 227 198 255 198 170 142 170 255 227 255 85   0  28  57  85  113 255 255 227 170 142 255 198 255 85  57  85  255 255 255 227 198 227 255  0  28  255 255 227 227 198 170 255 227 227 255 227 227 198 170 113 85  142 113 57  85  113 142 255 227 198 170 85  57  28  57  113 170 170 255 255 227 113 85  113 142 227 255 85 
57  28  255 227 198 170 142 113 170 113 170 227 255 170 255 227 255 85  57  28  57  255 227 255 227 255 227 198 255 255 85  57  28  57  85  142 170 198 255 255 198 255 227 255 28   0  28  255 227 255 255 255 227 255 227 255 255 227 198 170 198 113 142 170 198 198 227 255 255 227 198 142 142 170 113 85  255 142 255 227 198 170 142 113 142 57  85  113 198 255 227 198 170 85  57  85  113 170 227 255
28   0  28  255 227 198 113 85  57  85  113 255 113 255 227 198 227 255 28   0  85  113 255 255 255 170 255 227 255 142 113 85  57  113 113 170 198 227 255 57  255 227 198 227 255 28  255 227 198 227 255 255 255 227 198 227 142 255 170 142 113 85  57  198 227 170 198 227 255 255 227 198 170 170 142 255 227 255 227 255 227 255 227 198 170 85  113 142 170 198 255 227 142 113 85  113 198 198 255 57 
57  28  255 227 198 170 142 170 142 113 142 255 85  57  198 170 198 227 255 28  57  170 198 227 255 142 170 255 227 198 142 113 142 142 142 198 227 255 57  28   0  255 170 255 255 255 227 198 170 198 227 255 255 198 170 198 113 255 227 142 85  57  28  85  113 142 170 227 255 255 255 227 198 255 255 255 198 255 198 227 255 255 198 170 142 113 170 198 255 255 227 198 170 142 113 142 170 255 255 28 
85  113 142 255 227 255 255 255 227 170 198 227 255 28  170 142 170 198 255 57  255 198 227 255 142 113 255 255 255 227 170 142 227 198 170 227 255 142 113 142 255 227 142 198 227 255 255 255 142 170 198 227 255 227 142 113 85  57  255 170 255 57   0  85  113 142 170 198 227 255 170 255 227 255 227 227 170 198 170 198 227 255 227 198 170 142 170 198 227 255 255 227 227 170 255 170 255 227 227 255
142 142 170 198 255 255 227 255 255 255 227 255 255 57  85  113 255 255 227 255 227 255 255 198 170 255 227 255 255 255 198 170 227 227 198 255 198 170 142 255 227 198 113 142 170 227 255 113 85  113 170 198 227 255 170 142 113 28  85  255 227 255 28  57  85  113 198 255 255 28  142 170 255 255 198 170 142 113 142 170 198 255 255 227 255 170 255 255 255  0  85  255 255 255 227 255 227 198 198 227
198 170 198 227 255 227 198 227 255 255 255 227 227 255 255 170 227 255 198 170 198 255 255 227 255 227 198 255 227 255 227 198 255 255 227 255 255 255 170 198 255 170 142 170 198 255 198 85  57  85  142 170 198 227 255 170 255 255 255 227 198 227 255 85  113 142 170 255 85  57  113 255 227 198 170 142 113 85  57  142 198 227 255 255 227 255 227 227 255 28  57  85  255 227 198 170 255 142 170 227
255 198 227 255 255 255 170 255 227 255 227 198 170 198 227 255 255 227 255 142 170 198 227 255 255 255 170 198 198 227 255 255 28  57  255 255 255 227 255 255 227 198 255 198 227 255 170 142 85  113 142 227 227 255 142 255 227 198 227 255 170 255 142 113 142 170 198 227 255 85  142 255 255 255 227 113 85  57  28  85  170 198 227 255 170 142 170 198 255 113 85  255 227 198 170 142 113 113 142 170
227 255 255 255 227 255 142 170 198 227 255 170 142 255 255 227 198 170 142 113 142 170 198 227 255 85  142 85  170 198 227 255 255 255 227 255 227 198 255 255 255 227 255 227 255 227 198 170 198 227 170 198 255 170 113 142 255 170 142 113 142 227 255 255 170 198 227 255 198 113 170 198 255 227 198 170 57  28   0  57  142 170 198 227 255 113 142 170 227 255 113 142 255 170 142 113 85  57  85  113
198 227 255 227 198 255 113 142 170 198 227 255 113 227 255 255 227 227 170 142 170 198 255 255 85  57  85  57  113 142 255 227 227 198 170 227 255 170 227 255 255 255 85  255 28  255 227 198 227 255 198 227 255 57  85  255 227 142 113 85  113 170 198 227 255 227 255 227 170 142 198 227 255 255 227 198 85  57  28  85  113 198 227 255 113 85  113 142 198 227 255 255 227 198 170 142 57  28   0  142
170 255 227 198 170 227 255 227 198 255 255 57  85  198 227 227 255 255 198 170 198 227 255 255 113 28   0  28  57  170 255 198 198 170 142 255 113 142 170 227 255 113 57  28   0  28  255 227 255 255 227 255  0  28  113 255 198 113 85  57  85  113 255 255 57  255 255 255 198 170 227 255 170 142 255 255 113 255 170 142 198 255 255 113 85  57  85  113 227 255 113 57  255 227 198 142 85  57  198 170
142 170 255 255 142 198 227 255 227 255 57  28  57  142 170 198 227 255 255 198 227 255 255 227 255 57  28  85  85  255 227 170 170 198 85  57  85  113 227 255 170 142 255 57  85  57  113 255 255 255 255 227 255 57  255 227 170 142 142 28  85  85  227 255 28   0  255 255 227 198 227 255 142 113 142 170 255 227 198 170 227 255 170 142 142 85  113 170 255 255 57  28  57  255 227 170 113 142 227 198
113 255 227 198 113 142 198 227 255 85  28   0  85  113 142 170 198 255 255 227 255 227 170 198 227 255 57  113 255 227 255 142 113 85  57  28  113 170 198 227 255 255 227 255 113 85  113 142 255 227 255 198 227 255 227 198 142 170 28   0  28  57  198 227 255 255 227 255 255 227 255 170 198 85  113 142 255 255 227 198 255 227 198 170 170 170 142 227 255 227 255 57  85  255 198 170 142 170 255 227
85  255 227 170 142 255 227 255 142 113 85  28  57  85  113 142 227 255 255 255 227 170 142 227 255 227 255 255 227 198 227 255 255 113 85  57  113 142 170 198 255 227 198 227 255 113 255 255 227 198 198 170 255 227 198 142 113 85  57  28  57  85  170 198 227 255 198 255 255 255 198 142 113 57  142 255 227 255 255 255 170 255 227 198 198 198 170 255 227 198 227 255 255 255 227 255 170 198 227 255
57  28  255 198 170 198 255 57  255 227 113 57  255 113 142 255 255 255 255 227 198 142 113 142 170 198 255 255 198 170 142 227 227 255 113 85  142 227 255 227 255 198 170 198 255 255 227 198 255 142 170 142 113 255 227 170 142 170 113 85  113 113 142 255 255 227 170 227 255 255 227 170 142 28  255 227 198 227 57  28  142 170 255 227 255 227 198 255 198 170 198 227 227 255 255 227 198 227 255 170
28   0  255 227 255 227 255 28  255 198 142 255 227 255 255 227 255 255 227 255 170 113 85  113 142 255 227 198 170 142 113 198 170 227 255 142 170 198 227 255 227 255 142 255 227 255 198 170 142 113 142 113 85  113 255 227 170 198 142 113 142 142 198 227 255 198 142 198 227 255 255 198 28   0  28  255 170 142 113 85  113 142 170 255 255 255 227 255 142 142 142 255 198 227 255 255 227 255 113 142
255 28  57  255 198 255 227 255 255 227 255 227 198 227 255 198 255 227 198 170 142 85  57  85  255 227 255 227 198 113 85  113 142 198 227 255 255 227 255 255 198 227 113 85  198 227 255 170 113 85  57  85  57  85  113 255 198 227 255 142 227 198 227 255 142 170 113 170 227 227 255 85  57  57  85  255 227 170 142 113 142 170 255 255 255 227 255 142 113 85  113 142 170 198 227 255 255 85  57  170
227 255 85  142 170 255 198 227 255 255 227 255 170 198 227 170 198 255 227 198 170 28   0  255 227 198 170 142 113 85  57  85  113 142 170 198 227 255 227 198 170 113 85  57  170 142 227 255 85  57  28   0  28  57  198 255 227 255 227 170 255 227 255 113 113 57  85  142 170 198 227 255 85  85  113 255 255 255 198 142 170 255 227 255 227 198 227 255 142 113 142 170 198 227 255 255 227 113 85  113
198 255 255 170 255 198 170 198 255 227 198 255 142 198 170 142 170 198 255 227 198 57  142 170 255 170 142 113 85  57  28  57  170 198 198 227 255 227 198 170 113 85  57  28  57  85  198 255 255 85  57  28  57  142 170 198 255 57  255 198 227 255 113 85  57  28  85  113 142 170 198 255 113 113 255 227 198 227 255 170 227 255 198 227 198 170 198 227 255 142 170 198 227 255 255 198 170 142 113 142
170 198 227 255 227 255 142 255 227 198 170 142 113 85  113 85  113 142 198 255 227 85  113 255 227 198 227 113 85  28   0  113 142 170 198 255 255 255 227 113 85  57  28   0  28  57  170 198 227 255 85  113 85  113 142 170 255 113 255 227 255 142 85  57  28   0  57  113 142 198 227 255 142 255 227 198 170 198 227 255 255 198 170 142 170 142 170 198 255 255 227 255 255 255 227 255 255 198 142 170
142 170 255 255 198 142 113 170 255 227 142 113 85  57  28  57  85  142 170 170 255 113 142 170 255 227 255 227 198 142 28  57  227 198 227 255 227 198 170 142 198 142 113 28  57  85  142 170 255 142 113 142 113 142 170 198 227 255 255 255 170 142 113 85  57  28  57  85  113 142 255 255 255 227 198 170 142 57  255 227 198 170 142 113 85  113 142 170 198 227 255 255 255 255 198 227 227 255 227 198
113 255 227 198 170 142 85  255 227 198 170 142 198 28   0  28  57  85  113 142 170 255 227 198 227 255 255 198 142 85  57  85  113 142 198 227 255 227 227 198 142 113 85  57  85  113 170 198 227 255 142 170 142 170 198 227 255 85  255 227 198 170 170 142 85  57  85  113 142 170 198 227 255 255 227 142 113 28   0  255 227 255 170 85  57  85  113 170 227 255 255 255 227 198 170 198 198 227 255 227
85  113 255 142 113 85  57  85  255 227 198 170 85  57  28  57  85  170 198 198 227 255 255 227 255 255 255 227 170 113 85  113 142 198 227 255 142 255 255 227 255 142 113 85  113 142 227 227 255 255 170 198 198 227 227 255 113 57  28  255 227 255 198 170 142 85  113 142 170 255 227 255 255 227 142 113 85  57  28  57  255 170 142 113 28  57  85  113 142 255 255 227 198 170 113 198 170 198 255 255
57  255 227 170 142 57  28   0  28  255 227 142 113 85  57  85  113 142 170 198 255 113 85  255 227 255 255 227 198 170 170 142 170 227 255 142 113 142 170 255 198 170 142 170 198 170 255 255 255 227 198 227 227 255 255 255 142 255 85  142 255 255 227 227 170 113 198 255 255 255 255 255 227 198 170 142 170 142 57  255 227 198 170 198 57  113 142 170 198 227 255 113 85  113 85  113 142 170 227 227
255 227 198 170 142 85  57  28  255 227 198 170 142 113 85  113 198 170 198 227 255 255 255 227 198 227 255 255 227 227 198 170 198 227 255 255 255 170 255 227 255 227 255 255 227 255 227 255 255 255 227 255 255 170 198 227 255 227 255 170 198 227 255 227 198 142 170 198 227 255 227 255 255 227 198 170 142 113 85  113 255 227 198 227 198 170 170 198 227 255 113 85  57  28  57  85  113 142 170 198
57  255 227 198 142 113 85  113 142 255 227 227 255 142 113 255 227 198 227 255 255 227 255 227 170 255 227 255 255 255 227 255 227 255 255 227 227 255 227 198 170 255 113 113 255 170 198 227 255 255 255 142 113 142 170 255 227 198 227 255 255 255 255 255 255 170 198 227 255 227 198 227 255 255 227 198 170 170 198 142 170 255 227 255 227 227 198 227 255 170 142 57  28   0  28  57  85  170 198 227
28  255 227 198 170 198 113 170 198 227 255 255 198 170 142 170 255 227 255 227 227 198 170 170 142 170 198 255 28  57  255 255 255 227 198 170 198 227 255 170 142 113 85  85  113 142 170 198 227 255 227 170 85  170 255 227 255 170 198 255 227 255 255 255 227 198 227 255 142 113 170 198 255 227 255 227 255 198 198 170 198 255 255 85  255 255 227 255 227 198 198 85  57  142 57  85  142 170 255 255
255 255 255 227 255 227 142 227 227 255 255 255 227 198 170 198 255 255 227 198 170 170 142 85  113 142 170 227 255 85  113 255 227 198 170 142 170 198 227 255 85   0  28  57  85  113 198 227 255 255 255 142 113 255 227 198 170 142 227 198 170 198 227 255 255 227 255 142 113 85  113 255 227 198 170 255 255 255 227 255 255 227 255 57  28   0  255 227 198 170 142 113 85  113 85  113 227 198 227 255
227 198 170 255 255 255 170 255 255 255 255 255 255 255 198 227 255 255 255 170 142 113 85  57  85  113 170 198 227 255 255 227 198 170 142 113 142 227 227 255 57  28  57  85  113 142 170 227 255 255 227 198 227 255 255 170 142 113 198 170 142 170 198 255 255 255 198 170 142 255 142 170 255 170 142 170 255 227 255 227 255 198 255 85  57  28  57  255 255 227 198 227 113 142 113 170 227 227 255 142
198 198 142 57  255 227 198 227 255 255 227 255 255 255 227 255 255 255 227 198 227 142 113 28  57  142 170 198 227 255 255 255 227 170 113 85  113 170 198 227 255 57  85  170 198 170 198 227 255 255 255 255 255 227 255 142 113 85  57  142 113 142 255 227 255 227 255 198 255 227 255 255 227 198 113 255 227 198 170 198 170 170 227 255 85  57  85  113 142 255 227 227 198 170 227 198 255 255 57  113
170 142 113 28   0  255 227 255 255 227 198 227 255 255 255 255 227 255 255 227 198 170 142 57  85  198 227 227 255 255 255 227 198 142 113 57  85  142 170 198 227 255 113 142 170 198 227 255 255 227 255 255 227 198 227 255 85  57  28  57  85  255 227 198 255 198 227 255 227 198 255 227 198 170 142 255 227 198 142 227 113 142 198 227 255 85  113 142 170 255 255 255 227 198 255 227 255  0  28  142
198 113 85  57  28  57  255 255 255 198 170 198 255 227 198 227 198 227 255 255 227 198 170 142 113 227 255 255 255 255 227 198 170 142 57  28  57  227 198 227 255 170 142 170 198 227 255 113 170 198 227 255 255 170 198 227 255 28   0  85  255 227 198 170 198 170 255 227 255 170 142 255 227 198 170 198 255 142 85  57  85  113 142 198 227 255 255 227 198 227 255 142 255 227 255 255 85  28  255 170
170 142 170 255 57  85  255 227 198 170 142 170 255 198 170 198 170 198 227 255 255 227 198 170 142 255 255 227 198 227 255 255 227 113 85  57  113 255 227 255 255 198 170 198 227 255 113 85  113 142 255 255 227 142 227 255 255 57  28  57  255 198 170 142 113 142 170 198 255 198 113 57  255 227 198 255 227 170 142 85  113 198 170 198 255 198 227 255 227 255 85  113 142 255 170 142 113 255 227 255
198 170 255 227 255 255 255 255 227 227 113 255 227 198 142 113 142 170 198 227 255 255 227 198 170 198 227 255 170 227 255 198 170 142 142 85  113 142 170 198 227 255 198 227 255 142 85  57  113 255 198 227 198 113 142 198 227 255 57  255 227 255 142 113 85  113 142 170 227 255 85  28   0  255 227 255 227 198 142 113 255 227 198 227 255 170 198 227 255 113 57  142 198 227 255 170 255 227 198 227
227 255 227 198 170 227 255 255 227 198 85  57  255 227 170 142 170 198 227 255 113 142 255 227 198 227 255 113 142 198 227 255 227 198 170 113 142 198 227 255 255 255 227 255 198 113 57  28  255 227 170 113 170 85  170 170 198 227 255 227 198 170 113 85  57  142 113 142 170 255 113 57  28  85  255 255 255 227 255 142 170 255 227 255 170 142 170 198 255 85  28  85  113 142 255 255 227 198 170 198
255 227 198 170 142 198 198 227 255 142 113 85  255 227 198 170 198 227 255 57  85  170 198 255 227 255 113 85  113 170 198 227 255 227 198 227 255 227 255 227 170 198 255 198 170 142 85  255 227 198 113 85  28  57  113 142 170 198 227 255 170 142 85  57  28  113 85  113 198 227 255 85  57  85  255 227 255 255 227 170 198 227 255 85  57  113 142 255 227 255 57  113 142 255 227 255 198 170 142 170
227 255 198 142 113 142 170 255 227 255 142 113 142 255 227 255 227 255 113 85  113 142 255 227 255 113 85  57  198 198 227 255 255 255 227 255 170 255 198 170 142 170 255 227 198 170 198 227 255 170 142 113 142 198 227 255 198 227 255 255 227 170 113 85   0  28  57  85  227 255 255 227 198 142 170 198 227 255 255 198 227 255 113 57  28  85  113 170 198 227 255 142 255 227 198 255 170 142 113 142
198 113 85  57  85  198 142 170 198 227 255 170 198 227 255 255 255 227 255 113 142 255 227 198 170 142 113 113 170 255 255 255 227 198 255 198 142 170 142 85  113 142 170 255 255 227 255 255 255 227 198 142 170 198 255 170 255 255 85  255 198 170 142 57  28  85  113 142 170 198 227 255 227 227 198 227 255 142 255 227 255 113 57  28   0  57  85  113 198 227 255 255 227 255 170 198 255 113 85  113
142 85  57  28  113 85  113 142 170 198 227 255 227 255 255 255 170 198 227 255 198 227 255 227 198 227 255 227 198 227 255 227 198 170 142 113 113 85  85  57  85  227 198 227 255 255 255 255 227 255 227 170 255 227 255 142 113 85  57  255 227 198 170 113 85  170 142 170 227 255 255 255 255 255 255 255 85  113 255 255 142 113 85  113 57  85  113 142 170 198 255 227 198 170 142 170 227 255 57  142
113 85  28   0  28  57  142 170 198 227 255 198 255 255 255 227 142 170 198 227 255 255 85  255 227 255 255 255 227 255 227 255 170 142 113 85  57  28   0  28  57  255 227 255 85  113 255 227 198 255 227 198 227 255 198 170 142 255 28   0  255 227 255 170 113 198 227 255 255 227 255 227 255 255 255 28  57  255 227 198 170 142 113 142 85  113 142 170 198 255 227 198 170 142 113 170 198 227 255 255
142 113 57  85  113 142 170 198 227 255 85  170 255 227 198 170 113 142 170 198 227 255 113 142 255 255 255 170 255 227 198 227 255 170 142 113 113 85  28  57  85  113 255 142 113 255 227 142 142 142 255 227 255 227 255 198 255 227 255 28  57  255 227 198 142 170 198 255 227 198 170 198 227 255 227 255 85  142 255 227 227 170 142 170 198 170 227 255 255 255 227 170 142 113 85  57  142 170 198 227
170 142 142 113 255 170 198 227 255 142 113 142 255 255 227 198 85  113 142 255 255 170 142 170 198 255 227 142 113 142 170 198 227 255 170 142 142 113 57  142 113 142 255 170 142 255 170 113 85  113 142 255 170 198 227 255 227 198 227 255 255 255 255 227 227 198 227 255 255 170 142 170 227 170 198 227 255 170 198 255 227 198 227 198 227 255 255 227 255 255 227 198 170 85  57  28  113 142 227 255
198 170 170 198 227 255 227 255 198 255 142 255 227 198 255 227 57  85  170 198 227 255 255 255 255 227 198 142 85  113 142 170 198 227 255 170 170 142 170 170 142 255 227 255 255 227 198 227 170 142 255 170 142 170 198 255 227 170 142 170 198 227 255 255 255 227 255 255 227 198 113 85  113 142 170 227 255 198 227 255 255 227 255 227 255 255 227 198 255 227 198 170 142 113 85  57  85  113 198 227
227 255 198 227 255 142 255 198 170 227 255 227 198 170 142 113 85  142 198 227 255 255 227 198 198 198 170 113 57  85  113 255 255 255 255 227 198 255 227 198 255 227 198 170 142 255 227 255 198 198 227 255 113 198 255 227 198 142 113 142 170 198 227 255 255 255 255 227 198 170 142 113 142 170 198 227 255 227 255 198 255 255 255 255 255 227 198 170 198 255 227 198 170 142 113 85  113 142 170 198
255 255 227 255 142 113 85  170 142 198 255 255 227 198 170 142 170 255 227 255 255 227 198 170 142 170 28   0  28  57  85  227 227 255 255 255 227 255 255 255 255 227 255 142 113 85  255 255 255 227 255 57  85  255 227 198 142 113 85  57  142 170 255 227 255 170 142 255 227 198 170 142 198 227 255 255 170 255 113 170 198 227 255 255 227 198 170 142 170 142 255 227 198 170 142 113 142 255 198 227
57  85  255 255 113 85  57  170 113 227 255 255 255 255 227 198 198 227 255 255 255 255 227 142 113 85  57  28  57  255 113 170 198 227 255 227 255 255 28   0  255 198 142 113 85  57  85  255 227 255  0  28  57  113 255 255 227 198 113 85  113 142 170 198 227 255 113 142 255 227 198 170 255 255 255 227 142 113 85  142 170 198 227 255 255 255 142 113 85  113 85  255 255 198 170 198 170 198 227 255
85  113 170 227 255 57  28  57  85  198 227 255 255 255 255 255 255 255 255 255 227 255 227 170 142 142 85  57  255 227 255 198 227 255 227 198 170 198 255 255 227 170 113 85  57  28  57  255 198 227 255 255 85  142 255 227 198 170 142 113 142 198 198 227 255 57  85  113 142 255 227 198 227 255 227 198 170 142 142 170 198 255 255 255 255 227 255 85  57  85  57  113 255 227 198 227 227 255 255 227
113 142 198 227 255 28   0  85  113 142 170 198 227 255 227 198 227 255 255 227 198 255 227 198 170 170 113 255 227 198 255 255 255 227 198 170 142 170 255 227 198 170 142 113 28   0  85  113 170 198 198 227 255 170 227 255 227 198 170 227 170 227 255 255 57  28  255 170 198 227 255 227 255 255 255 227 198 227 255 198 227 255 255 255 227 198 227 255 28   0  28  85  113 255 227 255 255 142 170 198
142 170 198 227 255 57  85  113 142 170 198 255 255 227 255 170 198 255 255 198 170 198 255 255 227 198 255 227 255 170 198 227 255 255 227 142 113 142 170 255 227 198 198 170 57  28  57  85  113 142 170 198 227 255 255 113 255 227 198 227 255 255 170 113 85  255 227 255 227 255 198 255 142 255 255 255 227 255 255 227 255 227 255 227 198 170 198 227 255 28  170 113 170 198 255 57  85  113 142 170
198 227 255 255 142 113 113 142 170 198 255 255 227 198 170 142 170 198 227 255 113 170 198 227 255 255 255 198 170 142 227 227 255 255 255 170 85  142 170 198 255 255 227 198 255 255 85  113 142 170 198 227 255 255 113 85  57  255 255 255 255 227 198 255 255 227 198 227 255 198 170 142 113 198 227 255 255 227 255 255 227 198 227 142 85  142 170 198 227 255 198 227 198 227 255 28   0  28  255 198
227 255 227 198 170 142 170 255 198 227 255 227 198 170 142 113 142 227 255 227 255 198 255 255 255 255 227 170 142 113 142 198 227 255 227 255 57  113 227 255 28   0  255 255 255 227 255 170 170 227 255 255 255 227 255 255 28   0  28  57  85  255 255 227 198 227 170 198 227 255 198 255 142 170 198 227 255 198 227 255 227 170 113 85  57  113 142 170 255 255 227 255 227 255 113 57  28  255 227 255
255 227 255 255 227 170 255 227 255 255 227 198 170 142 113 85  113 198 170 198 227 255 255 255 227 198 170 142 113 85  113 142 198 170 198 227 255 142 170 198 255 28  255 227 227 198 227 255 255 255 28  255 227 198 255 227 255 28  255 113 113 255 227 198 170 198 142 170 198 227 255 227 255 198 227 255 227 170 255 227 170 113 85  57  28  57  85  198 227 255 255 255 255 170 142 85  255 227 198 227
198 198 255 255 255 255 227 198 170 198 255 227 198 170 142 57  85  85  142 142 198 227 255 255 198 170 142 113 85  28  57  85  113 142 255 255 198 170 198 255 255 255 227 198 170 170 255 255 227 255  0  255 198 170 227 198 255 255 227 255 142 255 198 170 142 142 113 142 170 113 142 198 227 255 255 227 198 142 170 255 198 255 113 28   0  85  198 170 198 198 255 255 227 198 227 255 227 198 170 142
170 170 198 227 255 227 198 170 142 113 142 255 227 255 57  28   0  28  57  113 170 255 113 142 255 170 142 113 57   0  113 113 142 170 198 227 255 198 255 227 255 255 255 227 142 113 142 170 198 255 255 227 198 142 113 170 142 170 198 227 255 227 170 142 113 85  57  28  57  85  142 170 255 255 227 198 170 113 28  255 227 227 85  57  28  57  85  113 142 170 198 227 255 255 255 255 255 170 142 113
113 142 170 255 227 198 170 113 85  57  255 227 198 170 142 57  28  85  85  142 198 227 255 255 227 198 170 142 85  113 142 142 170 198 255 255 255 255 227 198 227 255 255 255 170 227 198 255 227 255 255 255 170 113 85  57  113 142 170 227 255 198 170 142 113 85  28   0  28  57  113 255 227 255 255 255 227 57   0  255 227 198 113 85  113 85  142 170 198 227 255 255 255 227 198 227 255 198 170 85 
85  113 142 170 255 255 227 142 57  28  57  255 255 170 113 85  57  113 227 170 227 255 255 198 255 227 198 170 198 227 255 227 198 227 255 255 255 227 198 170 255 255 255 255 227 255 227 255 255 227 255 255 142 85  57  28  57  113 142 198 227 255 198 198 142 113 57  28  57  198 170 255 198 227 255 227 198 85  28  255 198 170 142 113 170 198 170 255 227 255 255 255 227 198 170 198 227 255 85  57 
57  113 198 227 255 227 198 170 142 113 85  255 227 198 255 113 85  142 255 198 255 255 227 170 142 255 227 198 227 255 170 255 227 255 255 255 255 255 227 142 227 255 227 255 255 57  255 113 142 198 255 227 198 113 85   0  28  57  85  170 198 227 255 227 255 142 85  57  85  113 255 227 170 255 227 198 170 142 57  255 227 227 170 142 170 198 227 255 255 113 255 227 198 170 142 170 227 255 57  28 
85  255 227 255 255 255 227 198 227 142 113 142 255 227 255 142 113 170 255 227 255 227 170 142 113 142 255 227 255 255 113 85  255 255 255 227 255 170 142 113 198 170 198 227 255 28  57  85  113 255 227 198 170 142 113 28  57  85  113 142 170 255 255 255 227 198 113 85  113 255 227 198 142 113 255 227 198 170 198 227 255 227 198 170 255 227 255 255 57  85  113 255 255 227 113 142 255 113 57   0 
113 255 255 227 227 255 255 227 255 255 142 198 227 255 227 198 142 170 198 255 255 198 198 85  57  85  85  255 198 227 255 57  85  255 227 198 255 255 142 85  85  142 170 227 255 255 85  113 142 170 255 227 198 170 142 170 198 113 142 227 198 227 255 142 255 198 170 170 142 255 255 113 85  57  85  255 255 198 227 255 28  255 227 198 227 255 255 227 255 113 170 255 227 198 142 170 255 142 85  28 
255 227 198 170 198 227 255 255 227 227 255 255 255 255 255 198 170 198 227 255 227 170 142 28   0  28  57  142 170 198 255 28  255 227 198 170 198 227 255 57  57  113 142 255 198 227 255 142 170 255 255 255 227 198 227 198 170 142 170 198 227 255 170 113 255 227 198 227 255 227 198 142 113 85  113 142 255 227 255 85  57  113 255 227 255 255 255 198 227 255 198 227 255 227 170 198 227 255 85  57 
227 198 170 142 170 198 255 227 198 170 198 227 255 255 255 227 198 255 255 227 198 170 113 57  28  57  85  113 142 255 227 255 227 198 170 142 170 198 255  0  28  85  113 142 170 198 255 255 255 227 255 255 255 227 255 227 255 255 198 227 255 255 113 85  57  255 227 255 198 255 227 255 170 142 142 170 198 255 227 198 85  142 170 255 227 198 227 170 198 227 255 255 255 255 255 227 255 142 113 85 
255 170 142 113 85  113 255 227 170 142 113 142 255 227 255 255 227 255 57  255 227 198 142 85  57  85  113 142 255 227 198 227 255 227 142 113 142 255 227 255 57  85  142 170 198 227 255 227 255 198 227 255 255 255 113 255 57  255 227 255 198 227 255 57  28   0  255 113 170 198 255 227 198 170 227 198 227 255 255 170 113 142 198 255 227 170 142 113 170 198 255 227 255 255 227 255 198 170 142 113
170 142 113 85  57  255 255 198 170 113 85  198 170 198 227 255 255  0  28  57  255 198 170 142 113 113 142 255 227 198 170 198 227 255 142 85  255 227 198 227 255 255 198 227 227 255 198 198 142 170 255 227 255 113 85  57  28   0  255 113 170 198 227 255 57  28  57  85  227 255 255 255 227 198 255 227 255 255 227 198 227 255 255 227 170 142 113 85  113 255 227 198 227 255 198 227 255 198 170 142
198 198 142 255 255 227 198 227 142 85  57  85  142 170 198 227 255 255 57  255 255 227 255 170 227 142 255 227 198 170 142 198 255 227 198 255 227 198 170 255 227 227 255 255 255 198 170 142 113 142 227 198 227 255 113 85  57  28  57  85  113 255 255 113 85  113 142 170 198 227 255 255 255 227 255 255 227 255 255 227 255 227 255 255 85  57  28  57  255 255 255 170 142 142 170 198 227 255 198 170
255 227 255 227 198 255 170 142 113 57  28  57  113 142 170 198 255 227 255 227 255 255 255 227 198 170 198 255 227 198 170 227 255 255 255 227 198 170 142 227 170 198 227 255 255 227 142 57  85  113 142 170 198 227 255 142 85  57  85  198 142 170 255 142 113 142 170 227 255 255 255 255 255 255 142 170 198 227 255 255 142 170 255 227 255 85  255 255 227 255 227 142 85  113 142 170 255 255 227 255
85  255 255 227 170 142 113 85  57  28   0  28  57  170 198 255 255 198 170 198 227 255 255 255 227 198 227 255 255 255 227 255 255 255 227 198 170 142 113 170 142 170 198 227 255 142 113 28  57  85  198 227 255 255 227 255 113 85  113 142 170 198 227 255 142 170 198 255 227 255 255 227 255 170 113 142 170 227 255 85  113 255 227 198 227 255 227 255 198 170 198 170 57  85  113 142 255 255 255  0 
57  28   0  255 198 170 142 113 113 57  28  57  85  198 255 227 227 170 142 170 198 227 255 255 255 227 255 57  85  255 255 198 255 255 255 113 85  57  85  57  113 142 170 198 227 255 85  57  85  113 142 255 255 227 198 170 142 170 142 170 198 227 255 198 170 227 255 227 198 227 255 198 170 142 85  113 142 255 198 255 142 255 255 170 255 227 198 255 170 142 113 85  28  57  142 255 227 255 57  28 
85  57  255 255 227 255 227 198 170 142 113 85  113 255 227 198 170 142 113 142 227 198 227 255 198 255 57  28  255 227 198 170 227 255 255 227 57  28   0  28  85  113 142 227 255 142 113 85  113 227 198 227 255 255 227 198 170 198 170 255 227 255 255 227 198 255 227 255 170 198 227 255 113 85  57  142 170 142 170 198 255 227 198 142 113 142 170 255 198 198 170 113 142 113 255 227 198 227 255 57 
255 255 227 255 255 255 255 227 198 170 142 113 170 227 255 227 198 113 85  113 142 170 255 227 170 142 113 255 227 255 170 142 113 255 227 198 170 142 113 57  170 142 255 255 227 170 142 113 142 255 255 255 255 255 255 227 255 227 198 227 255 57  85  255 255 255 198 227 142 170 255 227 255 57  28  57  85  113 142 170 198 255 170 142 85  113 198 227 255 227 198 142 198 255 227 198 170 198 227 255
198 227 198 227 255 255 227 255 227 255 170 142 170 255 255 255 227 113 57  85  113 142 227 255 227 170 255 227 198 170 142 113 85  113 255 227 198 255 142 85  113 170 227 255 255 255 170 142 170 255 227 255 227 255 255 255 198 255 227 255 255 255 113 255 227 198 170 198 113 142 170 198 227 255  0  57  85  142 170 198 255 227 198 113 57  85  227 255 227 255 227 255 227 255 227 170 142 170 198 227
170 227 170 198 227 255 198 170 255 227 198 170 198 227 255 227 142 113 85  113 198 170 198 227 255 255 255 255 227 198 170 85  57  85  113 255 255 227 170 170 142 198 255 255 255 227 255 255 255 198 198 170 198 227 255 255 142 113 255 198 255 227 255 255 255 170 113 170 85  113 142 170 255 227 255 142 113 142 198 255 198 57  28   0  28  57  255 170 198 227 255 255 255 227 198 142 113 85  113 255
142 198 142 170 255 227 170 142 113 255 227 198 227 255 227 198 170 142 113 142 198 255 227 255 142 227 255 255 255 255 142 113 85  255 255 227 255 227 198 227 170 227 255 255 227 198 255 227 198 170 142 113 142 198 255 198 255 85  113 142 255 198 255 227 198 170 85  28  57  85  113 142 170 198 227 255 142 170 255 227 170 85  57  28  57  85  113 142 170 198 227 255 227 255 170 113 85  57  85  113
113 142 113 142 170 255 227 198 142 170 255 255 255 142 255 227 198 170 142 170 227 255 255 142 113 170 198 227 255 255 170 255 255 227 227 198 227 255 227 255 198 255 255 227 198 170 142 255 227 113 85  57  85  113 142 170 227 255 142 255 227 170 255 198 170 142 113 57  85  113 198 170 198 255 255 255 255 255 198 170 142 113 85  57  85  113 142 170 227 255 255 227 198 142 113 85  57  28  57  85 
85  57  85  113 227 255 227 198 170 198 227 255 57  85  113 255 227 255 170 227 255 170 142 113 85  113 142 170 198 227 255 227 227 198 227 170 198 227 255 255 227 255 142 255 227 198 170 227 255 142 142 28  57  85  113 142 198 227 255 227 198 142 85  255 227 198 170 85  113 142 170 227 255 28   0  255 227 198 255 198 170 142 113 85  198 142 170 198 227 255 198 255 227 227 198 113 85  57  85  113
57  28  57  142 227 255 255 227 255 227 255 57  28  57  85  113 255 255 227 255 142 113 85  28  57  113 198 255 227 255 227 198 170 170 113 142 170 198 227 255 255 142 113 170 255 227 198 255 227 198 170 57  85  113 142 170 227 255 57  255 255 113 57  255 255 227 198 113 142 170 198 255 142 85  255 227 198 170 255 227 255 198 170 142 170 227 255 227 255 142 170 198 255 198 170 142 113 85  170 142
113 85  85  142 198 227 255 255 227 255 57  28   0  28  57  85  170 198 255 227 170 255 113  0  28  57  227 255 255 227 198 170 142 113 85  113 198 227 255 170 142 113 85  113 198 255 227 255 255 227 198 113 113 142 170 198 255 57  28  255 227 255 255 227 255 255 227 227 198 227 255 198 170 113 255 227 170 142 113 255 255 227 198 255 227 255 255 255 85  113 142 170 255 227 198 227 142 113 170 170
170 142 113 142 255 255 255 227 198 227 255 57  28  57  85  113 142 255 227 255 255 227 255 28  57  85  198 227 255 255 255 227 170 142 113 142 170 227 255 198 142 85  57  142 170 198 255 85  113 255 227 142 170 198 198 255 255 255  0  255 170 227 227 198 227 255 255 255 227 255 255 255 227 255 227 198 142 113 85  57  85  255 227 255 255 227 255 85  57   0  28  85  113 255 227 255 170 142 227 198
198 170 142 198 227 255 255 227 170 198 227 255 57  85  170 142 255 255 198 227 227 198 227 255 85  113 142 170 255  0  28  255 198 198 142 170 198 255 198 170 142 113 113 227 198 227 255 57  255 255 255 170 198 227 227 255 255 227 255 227 142 113 142 170 255 227 255 255 255 255 255 227 255 255 255 227 198 170 113 85  113 198 255 198 170 198 227 255 85  28  85  113 255 255 255 255 255 170 255 227
255 255 198 227 255 227 198 170 142 113 255 255 255 113 170 255 227 198 142 113 142 170 198 227 255 170 198 255 227 255 57  255 227 227 227 198 227 255 227 198 170 142 170 255 227 255 255 255 227 198 170 255 227 255 255 255 227 198 170 198 142 85  113 142 170 198 227 255 57  255 227 198 255 255 255 227 198 170 142 113 142 170 255 198 142 170 198 227 255 57  255 255 227 255 142 255 227 198 227 255
255 227 255 255 255 255 255 198 170 255 227 255 227 255 255 227 198 170 113 85  170 142 170 198 227 255 255 227 198 227 255 227 255 255 255 227 255 85  255 227 198 170 198 227 255 255 255 227 198 170 142 170 255 113 142 255 198 170 142 113 113 28  142 170 198 227 255 57  28  255 198 170 198 227 255 255 227 198 198 142 170 198 227 255 113 142 170 255 255 255 227 198 170 142 113 57  255 227 255 255
227 198 227 255 227 198 255 227 255 227 198 170 198 255 227 198 170 142 85  57  85  113 142 170 198 227 255 198 170 142 170 198 227 255 255 255 255 57   0  255 227 198 255 255 255 227 255 198 170 142 113 142 113 85  113 255 170 142 113 85  57   0  28  113 142 170 227 255 255 227 255 142 170 198 227 255 255 227 255 170 255 227 255 113 85  113 198 227 255 28  255 227 255 170 113 85  113 255 227 255
198 170 255 227 255 170 142 255 255 255 227 142 255 227 198 170 142 113 57  28  57  85  113 142 170 255 28  57  85  113 142 170 198 227 255 255 198 255 57  85  255 227 255 255 227 198 255 227 198 170 85  57  28  57  255 227 198 170 255 113 85  57  57  85  113 142 198 227 255 198 142 113 142 255 255 57  28  255 227 198 227 255 57  28  57  85  170 198 255  0  255 255 255 227 142 170 142 170 198 255
113 142 170 198 227 255 198 227 255 227 170 113 142 255 227 198 170 113 85  255 85  113 255 170 198 255  0  255 170 142 255 227 255 255 255 227 170 198 255 255 255 255 255 227 255 170 227 255 227 255 57  28   0  85  113 255 227 255 227 198 113 113 85  113 142 170 198 227 255 142 113 85  255 227 255 28   0  28  255 227 255 113 28   0  28  113 142 198 227 255 227 170 198 255 170 227 170 198 227 255
85  113 198 227 255 255 255 255 227 198 142 85  142 198 255 227 198 142 255 227 255 255 227 255 255 227 255 227 198 198 227 255 170 142 170 198 142 170 198 227 255 255 255 198 227 142 198 170 255 227 255 57  85  113 142 170 255 227 198 170 142 170 198 227 255 198 227 255 255 255 85  57  28  198 255 85  255 255 227 255 113 85  57  28  57  113 142 170 227 255 255 142 255 227 198 227 198 227 255 142
113 142 170 255 255 255 227 198 255 170 113 57  28  227 170 255 227 255 227 198 198 170 198 227 255 198 255 255 227 227 255 227 198 85  57  85  113 142 170 255 227 255 227 170 113 85  113 142 170 198 227 255 113 142 170 198 227 255 227 198 170 198 227 255 255 227 255 255 255 227 57  28   0  170 227 255 227 255 198 170 142 113 142 170 85  113 198 227 255 255 198 170 227 255 255 255 227 255 85  113
142 170 198 227 255 255 255 170 142 113 85  57   0  85  113 142 255 227 198 170 142 142 170 255 198 170 227 255 255 255 28  255 227 57  28  57  85  170 255 227 198 170 142 113 85  57  28  113 142 170 198 227 255 170 198 227 255 113 255 255 198 227 255 255 255 255 198 227 255 170 142 85  57  113 142 170 198 227 255 227 198 170 170 198 113 142 170 227 255 255 227 198 255 227 198 170 255 85  57  85 
255 227 227 255 170 255 227 198 170 113 85  57  28  57  85  255 227 198 170 142 113 85  198 227 255 142 170 255 227 255 57  255 255 85  113 85  113 198 227 255 227 255 227 142 113 85  57  85  113 142 170 198 227 255 227 255 113 85  113 255 227 255 227 255 227 198 170 255 227 198 142 113 85  142 255 198 255 255 255 255 227 198 255 227 170 255 198 227 255 113 255 227 255 255 255 142 85  57  28  85 
255 255 255 170 142 113 255 227 255 142 227 85  57  85  113 255 198 170 142 113 85  57  85  57  85  113 142 170 198 227 255 227 198 170 142 113 142 170 255 255 255 227 198 170 142 113 142 113 142 170 198 227 255 113 255 57  85  57  85  113 255 170 198 255 255 170 142 113 255 227 170 142 198 170 198 255 227 255 227 198 255 227 255 255 227 255 227 255 198 142 170 255 255 255 227 255 113 255  0  28 
255 198 170 142 113 85  113 255 255 227 198 113 85  113 142 170 255 198 255 142 57  28   0  28  113 170 198 227 227 255 255 255 255 255 170 142 170 198 227 255 227 255 227 198 170 142 170 142 170 198 227 255 113 85  57  28   0  28  57  85  113 142 170 198 227 255 113 85  57  255 198 170 227 198 227 255 198 227 255 170 142 255 170 198 255 255 255 255 227 170 198 255 255 255 198 227 255 227 255 57 
255 227 198 255 113 57  255 227 255 255 170 142 113 142 170 198 255 227 227 198 85  113 28  57  85  113 227 255 255 255 227 255 198 227 255 170 255 227 255 198 170 198 255 227 255 170 198 227 198 227 255 170 142 113 85  57  28  57  85  113 142 170 227 255 255 142 113 57  28  255 227 198 227 255 255 198 170 227 255 255 113 85  142 255 227 255 255 255 227 198 227 255 227 255 170 198 170 198 227 255
85  255 255 227 255 255 198 170 255 227 198 198 142 170 198 227 255 255 255 170 113 142 57  85  142 170 198 227 255 170 198 227 170 198 255 198 227 255 28   0  142 170 198 255 227 198 255 255 227 255 255 198 170 142 113 85  57  113 113 170 170 198 255 255 198 170 85  57   0  170 255 227 255 57  28  113 142 170 198 227 255 57  85  255 198 255 227 255 255 227 255 227 198 255 142 85  142 142 255 198
113 255 227 198 255 227 255 113 142 255 255 227 170 198 227 255 255 255 255 227 142 170 255 113 170 198 227 255 113 142 170 113 142 170 255 227 255 113 57  85  113 142 255 255 255 227 255 227 255 198 227 255 198 170 142 113 85  170 142 255 198 227 255 227 255 142 113 85  113 142 255 255 113 85   0  57  85  142 170 198 227 255 255 227 170 227 198 227 255 255 227 255 170 142 113 57  85  113 142 170
255 227 198 170 142 170 113 85  113 142 170 255 198 227 255 255 227 255 227 198 170 198 227 142 198 227 255 85  57  28  57  85  113 198 227 255 255 255 255 113 142 198 227 255 227 255 227 198 142 170 227 255 255 198 170 142 255 227 170 198 227 255 198 198 227 255 170 113 142 255 227 198 142 85  28  85  198 170 198 227 255 227 198 170 142 170 142 198 255 227 198 170 142 113 85  28  57  113 170 198
255 255 227 170 85  57  28  57  85  113 142 255 227 255 255 227 198 170 255 227 198 227 255 198 227 255 198 170 85  57  85  113 142 170 198 227 255 198 227 255 170 255 255 227 198 170 198 227 85  198 227 227 255 227 198 227 255 255 198 255 255 170 142 170 198 227 255 255 170 198 255 227 113 85  57  142 170 198 255 255 255 255 170 142 113 142 113 227 255 255 227 198 113 85  57   0  28  85  113 142
227 198 170 142 113 85  57  85  113 198 227 255 255  0  57  255 170 142 142 255 227 255 255 227 255 198 170 142 113 85  113 142 170 227 255 255 113 170 198 227 255 227 198 170 142 142 85  28  57  142 170 198 227 255 227 255 28  255 227 255 170 142 113 142 198 227 255 227 255 227 255 255 227 113 85  113 227 255 255 255 255 227 170 142 85  57  85  113 255 227 198 170 142 113 85  28  57  85  113 142
255 255 227 198 170 113 85  113 142 170 198 227 255 28  255 198 113 85  113 170 255 255 255 255 85  255 227 198 170 227 142 170 198 227 255 57  85  113 170 198 227 255 227 198 113 57  28   0  28  85  113 227 255 142 255 28   0  57  255 227 255 113 85  113 170 198 170 198 227 255 255 227 198 170 113 142 198 255 255 227 198 170 142 113 57  28  57  85  113 255 255 227 198 142 142 85  113 113 142 170
142 113 255 227 255 142 113 142 170 198 255 255 255 255 227 170 142 28  57  142 170 198 227 255 57  113 255 227 198 255 170 255 227 255 85  28  57  85  142 170 255 255 255 227 170 85  57  28  57  113 142 255 142 113 85  57  28  255 227 198 227 255 57   0  28  113 142 170 198 227 255 255 255 227 142 198 227 255 255 255 227 198 170 57  28   0  28  57  85  113 142 255 227 255 227 113 142 142 170 227
113 85  57  255 227 170 227 170 198 227 255 255 255 227 170 142 113 57  85  113 142 170 198 227 255 142 198 255 227 255 198 227 255 85  57   0  28  198 170 198 227 255 255 255 198 113 85  113 170 142 170 198 255 142 113 85  85  113 255 170 142 113 85  28  57  85  113 142 170 227 255 28  57  255 170 198 255 255 255 227 198 170 142 113 57  28  57  85  113 142 170 198 255 227 198 142 170 227 198 255