  0    8   17   26   29   38   46   51   56   65   74   82   83   92   96  105  110  114  121  123  128  136  143  152  155  163  168  172  174  183  190  192  195  203  212  221  229  236  243  250  257  258  267  274  278  287  294  303  311  320  321  328  329  334  343  350  359  365  371  372  380  388  397  406  412  420  427  430  439  447  451  457  464  467  476  485  494  496  501  504  511  520  525  532  539  547  553  555  560  568  575  584  592  601  610  619  620  624  631  635 
  5    8   15   24   33   37   39   43   50   58   67   75   83   90   93   97   99  106  109  110  112  114  123  131  139  148  156  165  168  176  181  188  193  200  204  213  220  224  230  236  238  241  247  253  262  265  267  275  284  285  294  296  299  305  311  320  325  326  334  337  341  349  351  360  364  369  378  380  389  390  397  406  415  421  429  431  440  447  456  462  463  464  466  474  482  487  488  497  503  509  512  518  527  529  534  543  549  551  560  568 
 13   15   24   32   34   42   46   48   57   64   73   75   84   90   98  106  107  115  116  111  119  123  129  138  145  154  163  171  173  174  183  191  200  209  209  212  218  219  225  231  239  240  244  253  262  268  275  281  290  293  300  297  305  312  318  321  330  331  332  340  341  349  357  365  373  377  385  389  393  397  405  414  423  425  432  440  449  456  465  463  471  468  469  478  484  486  492  496  505  510  519  525  526  532  533  541  548  556  561  562 
 16   23   29   37   36   45   51   51   52   58   60   66   70   75   84   92   96  104  110  111  117  126  131  140  149  158  163  167  171  179  187  192  201  204  206  213  220  228  233  240  248  249  246  255  264  265  274  283  284  290  291  294  303  308  315  316  323  324  329  338  341  349  352  359  364  372  378  387  389  396  404  411  420  426  435  437  439  445  454  463  472  477  474  482  486  495  493  502  504  513  522  523  532  540  538  540  549  556  558  567 
 23   30   30   39   45   54   60   59   60   65   66   72   77   84   86   95   96   99  106  115  124  131  132  137  146  154  155  164  170  179  186  195  203  211  215  222  229  229  238  247  256  257  249  258  266  269  278  282  288  297  299  297  298  299  307  312  319  328  336  344  347  355  361  368  373  379  384  386  393  402  409  418  424  433  439  440  442  451  452  460  469  476  475  481  484  493  501  502  511  519  527  531  535  541  546  549  555  556  559  564 
 29   36   33   42   51   60   68   60   68   74   72   78   80   89   88   95  101  101  110  118  126  135  134  140  149  158  158  166  175  183  189  196  205  206  214  220  229  233  237  241  250  259  258  267  267  276  278  284  291  300  308  301  307  308  314  313  316  322  330  339  346  354  361  368  376  384  393  394  396  401  410  419  420  427  433  441  442  450  457  465  474  482  482  490  493  497  506  511  519  521  530  539  542  548  555  557  563  559  568  568 
 36   45   41   49   54   62   65   67   75   82   78   82   89   91   97  104  109  103  112  120  127  136  143  148  149  154  155  159  167  171  179  180  183  190  192  201  205  213  219  223  230  232  234  243  251  260  266  275  284  290  296  304  311  316  322  321  325  328  332  341  350  357  366  367  375  377  386  392  401  410  413  420  427  436  442  450  450  455  464  472  481  488  488  491  496  499  500  504  510  515  524  533  539  545  547  553  554  558  566  567 
 45   54   50   51   60   66   74   73   80   82   85   91   96   99  106  106  111  111  120  127  136  137  141  150  150  151  156  164  173  179  181  189  191  192  196  205  207  212  220  225  233  240  243  250  259  268  271  274  280  289  296  303  305  309  318  322  326  327  334  340  343  345  349  358  366  373  378  387  395  401  404  406  413  414  420  429  434  439  445  447  455  461  463  468  469  475  484  492  501  509  513  522  531  538  545  549  558  566  567  575 
 54   61   51   59   62   69   73   80   85   90   90   97  100  107  110  114  117  113  117  123  132  140  149  150  159  160  165  165  166  174  175  183  186  192  198  203  209  215  224  232  241  246  250  258  267  271  276  283  289  290  291  299  303  312  315  323  328  335  338  344  347  354  356  361  368  377  379  380  382  391  393  395  400  409  416  424  429  437  445  454  463  467  472  475  475  477  480  487  494  503  510  517  520  527  535  544  548  549  558  563 
 55   63   60   62   70   71   76   85   91   99   97  104  107  116  112  116  125  119  126  132  135  136  145  153  160  168  170  172  175  178  181  190  195  197  205  211  211  220  227  231  239  247  255  264  273  276  283  286  287  295  292  298  307  316  323  329  334  343  339  348  350  356  363  367  374  378  387  388  389  392  401  401  408  415  424  433  436  437  438  441  450  458  466  472  478  486  489  495  495  502  509  518  525  534  540  548  557  556  564  572 
 58   65   65   71   77   80   81   88   95  104  104  110  113  115  119  124  132  122  130  135  136  145  154  157  166  171  174  180  179  186  188  197  201  205  208  216  215  222  226  234  239  248  254  260  265  272  279  280  285  289  293  301  305  312  321  330  339  348  347  354  357  360  364  372  381  387  396  394  398  400  404  408  415  417  424  427  428  429  432  441  450  459  468  475  481  490  494  496  504  505  514  521  530  537  546  555  564  557  560  567 
 61   68   74   73   81   86   90   96  102  110  110  119  122  124  120  124  130  125  127  133  135  137  146  153  156  164  173  182  186  191  197  198  204  205  208  215  220  229  235  235  244  248  256  265  273  280  286  289  288  292  300  308  308  314  320  329  338  344  351  357  366  369  372  379  388  393  394  403  407  405  410  409  410  419  421  429  431  438  435  441  449  456  463  469  476  485  494  497  504  505  514  522  528  536  539  548  557  565  569  571 
 70   77   78   75   83   92   97  105  108  116  118  124  131  126  129  132  136  132  135  142  143  146  151  152  158  166  173  182  191  199  201  203  212  214  214  216  222  229  238  239  247  256  265  270  279  287  293  290  295  298  307  308  316  323  329  338  339  347  350  355  364  367  374  376  383  390  399  408  415  409  417  418  412  416  418  419  425  433  442  450  457  460  468  473  482  483  484  486  495  500  509  518  520  524  530  538  547  551  558  560 
 78   86   86   81   90   97  101  110  113  121  120  128  135  130  133  141  138  136  137  143  150  154  152  154  158  159  168  174  183  192  201  210  216  223  218  225  229  237  243  246  254  259  268  277  280  288  289  292  301  306  307  314  316  317  326  331  340  346  348  353  362  371  378  383  392  391  398  406  415  418  425  425  421  425  427  420  429  438  444  453  462  469  477  482  489  485  487  491  493  498  499  503  507  516  525  534  536  544  553  555 
 87   89   95   84   93   96   98  103  111  120  129  136  142  136  142  144  140  144  144  151  156  162  160  161  159  168  177  178  183  186  193  200  205  206  213  216  225  234  243  250  259  268  276  285  282  291  291  300  301  310  315  323  324  323  326  330  339  346  348  356  365  374  382  385  394  398  404  411  418  427  434  433  425  426  434  429  438  440  449  451  454  463  471  480  487  493  493  492  499  507  506  504  505  514  523  530  534  540  549  555 
 94   95   99   88   96  103  105  109  111  118  126  129  134  143  144  147  148  149  145  151  160  169  162  167  164  165  169  174  183  184  193  202  209  215  218  220  229  236  244  251  259  266  267  273  281  282  286  294  301  306  314  318  327  329  330  334  339  348  355  362  368  377  378  385  394  397  406  415  421  422  427  428  432  434  442  432  438  445  452  460  458  460  466  475  476  481  489  497  502  511  511  511  510  512  514  523  531  536  545  552 
101  102  107   90   99  100  107  115  120  127  135  136  143  147  149  153  157  155  150  156  158  165  171  176  167  174  177  183  192  193  202  210  216  220  226  229  232  238  247  252  261  267  276  279  287  291  295  299  305  312  320  325  334  332  338  340  348  357  364  371  377  384  385  386  393  401  407  413  422  428  436  436  441  440  445  439  442  451  457  458  465  461  469  476  478  480  484  493  496  497  505  513  516  515  523  532  533  542  550  558 
110  108  116   99  108  103  112  121  127  136  144  145  152  156  158  162  158  163  158  158  164  172  179  177  175  179  184  192  200  201  209  215  216  217  226  234  236  245  254  261  264  272  275  279  287  295  304  307  306  307  309  317  325  330  332  337  346  352  358  363  365  374  383  392  400  401  404  407  415  423  432  439  444  449  453  448  451  460  465  467  473  468  472  480  486  481  490  498  505  504  508  515  524  516  522  524  525  534  542  548 
118  116  121  104  113  107  116  120  124  132  135  143  152  161  165  169  165  168  165  165  170  172  179  185  180  181  182  188  196  205  213  217  217  221  230  232  238  245  251  258  264  273  281  288  288  296  305  313  315  316  315  318  327  334  341  344  349  357  366  372  374  376  380  385  390  391  400  407  415  423  432  439  445  450  455  457  459  465  474  475  481  472  481  482  484  488  495  496  503  509  517  524  533  521  527  533  530  539  548  556 
124  117  123  105  110  116  120  129  131  133  141  146  151  158  160  168  172  177  174  173  177  177  179  182  189  190  186  194  203  212  219  224  226  230  235  241  247  252  259  264  268  277  285  292  296  304  313  322  323  325  323  325  333  336  345  349  358  366  369  377  383  383  389  392  397  400  409  413  422  431  434  442  447  450  457  466  468  474  480  484  490  480  485  488  493  495  504  504  511  513  521  523  530  524  532  540  531  540  549  550 
132  125  127  114  118  123  129  138  139  140  149  155  156  161  161  163  171  180  179  182  185  180  185  183  190  199  187  190  193  202  204  211  212  221  230  236  237  246  254  257  265  271  277  286  294  298  307  314  319  326  330  328  335  339  347  356  363  369  378  386  392  392  398  400  406  407  416  418  427  434  441  450  453  456  458  467  475  481  489  492  495  482  483  491  499  498  499  506  512  514  520  523  532  531  534  539  535  540  547  554 
141  134  128  122  125  124  128  137  141  145  154  160  164  170  168  165  174  178  187  191  194  181  189  191  197  206  191  196  199  208  212  215  220  228  231  236  244  245  254  263  271  279  285  291  300  307  310  311  314  322  324  330  334  343  352  356  358  365  374  383  392  398  406  406  409  416  425  419  425  434  440  449  454  462  467  476  484  489  497  501  496  491  486  487  496  503  508  515  521  523  529  530  536  538  538  545  538  539  548  557 
146  143  137  128  130  126  130  136  145  146  149  157  160  167  173  172  178  181  182  190  196  189  193  192  195  204  200  199  207  214  221  223  227  236  233  241  250  248  257  264  271  273  282  289  298  307  308  314  321  328  333  338  342  344  353  360  362  371  372  377  385  387  395  404  411  420  426  423  430  435  442  443  452  455  460  465  472  480  481  490  494  492  494  496  503  512  516  523  530  528  537  531  539  543  546  552  539  548  557  562 
149  149  144  129  134  130  138  144  150  149  158  161  169  176  182  181  186  187  189  194  203  198  202  198  197  203  201  205  214  221  227  232  236  238  234  242  251  257  266  271  279  278  285  294  300  305  306  314  321  325  326  333  339  346  355  358  365  372  381  385  394  395  404  411  416  425  430  431  436  439  448  452  458  456  464  473  481  485  490  496  502  500  503  498  499  507  513  522  524  533  540  540  548  551  552  555  548  549  555  563 
158  157  153  138  142  138  146  152  156  158  166  170  178  180  185  188  191  196  196  203  211  207  211  207  198  204  203  210  215  217  219  228  237  241  237  246  253  254  262  271  280  287  286  295  304  309  312  321  330  333  335  340  344  353  360  366  367  373  382  387  389  395  404  405  413  420  428  434  443  445  454  461  465  465  466  475  483  492  493  499  504  502  510  507  508  511  512  513  521  530  536  545  551  558  561  557  557  556  556  560 
165  166  162  146  149  139  141  147  156  163  164  171  174  183  189  194  200  197  203  208  211  216  218  216  207  208  211  219  224  226  228  232  240  248  245  247  256  263  271  279  288  296  287  293  294  299  301  310  318  327  335  340  345  354  358  367  373  381  390  394  397  403  405  414  421  421  428  435  444  453  459  468  473  467  467  475  483  491  499  502  511  511  514  516  513  519  516  520  524  530  534  541  550  559  567  566  559  564  565  566 
173  172  171  153  154  148  142  151  160  169  166  174  183  191  198  198  204  204  209  217  218  225  222  225  216  217  216  225  231  228  234  239  240  244  245  251  260  268  275  276  283  292  293  302  302  308  309  311  317  325  334  342  347  356  365  371  373  379  385  394  395  402  410  411  417  426  435  440  441  449  454  463  471  472  475  480  487  492  500  508  517  517  518  517  522  528  525  529  530  535  543  550  556  565  572  575  565  573  574  575 
174  177  180  159  161  154  151  158  165  174  175  180  187  191  200  206  210  212  218  224  223  232  230  233  221  226  218  225  234  237  239  240  248  253  254  256  264  272  279  282  291  299  294  303  309  317  311  320  326  328  333  334  336  343  349  351  357  363  366  373  378  379  386  395  403  410  417  420  429  430  435  443  451  452  459  465  473  480  489  498  501  509  517  518  526  531  531  538  538  536  541  545  551  559  568  577  574  582  579  576 
183  179  182  168  170  157  157  166  172  181  182  188  196  200  209  213  219  219  220  229  228  231  236  240  226  230  223  232  237  244  248  245  250  257  263  265  269  278  287  291  294  303  303  312  318  324  319  321  325  332  341  342  344  352  358  358  365  372  374  374  383  382  390  399  403  411  419  422  431  439  444  452  459  454  461  470  478  487  496  500  508  510  518  527  527  536  540  547  546  542  550  554  558  567  571  577  580  582  588  583 
192  187  188  170  179  163  158  161  164  170  174  182  191  192  198  204  210  218  223  229  237  239  245  245  229  237  232  241  244  247  253  246  253  256  264  273  273  279  288  293  302  303  312  321  327  332  321  330  331  332  333  338  343  345  353  354  362  371  372  380  381  387  388  392  395  403  410  419  421  429  436  443  444  448  456  465  471  473  482  491  500  509  517  522  528  529  533  538  547  545  550  559  567  573  580  586  589  591  593  592 
201  195  195  178  185  172  164  164  171  172  178  186  193  196  205  212  219  223  231  237  244  244  248  252  237  241  240  249  251  256  262  250  258  263  271  276  279  280  289  290  299  306  307  314  321  327  326  335  332  339  342  346  349  353  361  358  362  369  378  379  382  391  392  401  402  411  415  423  428  437  445  447  451  455  464  471  473  479  486  492  501  506  515  522  526  531  540  543  552  554  558  561  564  569  576  582  588  590  593  599 
204  200  202  187  191  178  173  173  179  178  180  189  194  199  208  217  221  225  232  241  247  252  251  259  245  250  249  258  259  261  265  256  261  268  273  276  279  285  289  294  300  308  313  321  330  331  332  341  339  347  344  353  358  357  362  366  367  371  377  384  389  398  400  408  411  418  424  432  435  438  447  451  459  457  466  473  482  484  493  493  500  505  514  518  521  526  533  542  543  552  557  566  572  570  573  575  584  589  594  602 
213  208  210  196  199  185  182  177  184  179  180  189  196  202  211  218  227  234  238  246  252  257  253  261  251  259  257  262  267  266  267  264  270  272  281  283  288  291  298  303  301  310  316  321  329  336  337  346  347  354  352  360  366  366  368  370  376  379  378  385  389  398  407  415  420  426  432  434  437  438  439  442  450  456  457  464  465  474  482  485  486  495  504  512  517  523  532  541  545  547  556  564  571  579  582  578  584  585  594  602 
215  213  216  205  208  187  191  186  193  188  184  193  200  207  214  216  224  230  231  236  240  249  251  258  260  268  262  267  272  275  276  271  275  281  290  287  295  293  298  304  307  314  315  318  322  327  329  332  339  344  352  361  366  374  377  379  377  383  385  392  392  401  410  419  427  427  432  433  442  443  445  451  459  459  466  469  474  483  490  494  495  501  509  510  519  524  533  541  548  555  564  573  578  587  584  579  583  592  597  605 
217  215  224  214  215  196  197  194  200  190  191  195  202  203  212  214  220  223  228  237  244  249  257  264  262  271  268  273  281  283  280  274  283  288  297  288  290  299  306  305  314  315  322  320  329  334  338  336  343  351  358  365  373  377  381  383  386  391  394  400  393  394  403  408  414  418  424  433  439  445  453  453  457  464  473  478  479  487  495  502  504  507  510  518  526  532  539  544  549  557  561  569  578  582  590  587  590  596  602  604 
225  223  232  221  224  204  202  202  202  198  196  197  203  210  219  222  223  231  237  246  251  258  261  262  267  276  272  279  281  289  284  283  290  295  303  292  299  308  315  311  320  316  325  329  337  343  346  338  344  353  354  355  364  369  373  379  386  387  390  396  397  398  406  414  419  427  433  441  447  449  458  457  463  472  481  484  482  488  497  506  507  513  519  527  534  541  540  542  545  554  563  565  566  575  578  587  596  601  606  613 
234  230  238  230  232  210  211  210  208  205  199  206  209  217  220  229  232  240  246  253  260  262  270  270  275  282  281  287  284  292  285  286  292  301  310  299  306  314  323  316  325  323  332  336  345  350  349  345  351  357  363  364  372  378  380  388  394  390  398  403  400  404  408  417  426  432  441  449  454  458  467  466  470  475  476  482  485  486  491  500  508  517  519  520  527  535  543  550  551  555  564  570  570  571  576  585  588  591  596  600 
243  233  242  236  237  215  220  212  217  210  203  212  215  223  229  238  236  240  249  256  265  269  278  279  280  289  290  296  285  289  294  294  299  307  308  303  311  320  329  318  327  332  333  341  349  356  355  350  355  360  367  372  381  387  388  393  400  395  404  407  408  412  417  426  435  434  442  443  446  455  461  466  473  482  484  488  493  488  497  506  510  519  528  528  529  538  546  554  554  562  570  577  571  579  580  588  596  600  602  608 
244  235  236  245  245  222  222  221  219  219  209  217  223  227  236  237  237  243  251  260  267  273  276  285  282  287  294  298  293  296  299  302  302  309  314  310  318  326  327  326  334  338  338  339  344  353  359  352  361  365  374  380  389  396  397  401  405  401  409  409  409  413  416  417  425  430  439  443  452  458  467  473  477  486  490  497  502  497  504  511  517  526  531  536  538  547  551  560  563  571  577  580  579  588  588  594  603  609  603  604 
252  241  243  250  254  231  228  230  222  221  216  221  229  233  242  246  241  250  251  256  262  269  276  282  291  292  298  307  302  303  308  310  310  316  323  316  323  332  336  330  331  340  347  343  352  358  359  361  364  366  374  378  384  393  402  410  408  408  415  416  418  415  418  419  427  433  436  445  454  457  460  469  474  481  482  485  492  500  508  516  523  529  535  543  547  556  555  562  568  574  580  588  587  595  594  603  612  615  607  606 
258  249  252  255  262  236  237  237  231  227  225  226  235  236  242  251  250  258  253  257  263  271  272  278  279  281  282  290  298  299  307  316  319  322  331  325  332  334  335  339  340  349  352  352  360  360  367  369  373  374  383  387  392  398  405  413  409  414  423  425  427  416  421  423  431  433  441  449  458  460  466  475  480  487  491  492  499  507  514  515  524  533  540  549  556  557  564  564  573  581  584  585  589  590  597  606  615  623  616  608 
267  256  254  258  267  245  246  243  240  235  234  234  241  243  251  260  255  262  261  260  261  267  268  273  279  288  283  285  286  293  295  299  304  305  312  317  322  331  339  340  341  349  356  354  363  367  375  376  376  383  392  394  394  401  405  408  417  423  432  432  430  423  430  432  440  434  439  448  456  457  458  464  467  474  481  485  487  495  497  506  514  520  524  532  533  534  543  546  555  561  568  575  583  585  589  593  598  605  609  615 
273  262  256  265  274  252  251  244  249  243  239  243  246  251  259  268  261  263  265  266  267  269  277  277  282  283  290  293  287  295  296  298  307  314  315  323  331  336  345  347  350  358  364  362  371  372  381  385  385  391  400  398  403  403  408  416  423  427  433  441  437  430  439  441  441  443  443  448  457  466  462  467  475  480  484  485  493  498  506  512  520  529  530  539  534  542  551  547  554  556  565  574  583  586  588  595  600  609  615  621 
282  271  259  266  269  260  259  250  258  248  247  248  248  255  260  261  268  272  269  267  269  272  281  285  283  292  294  301  295  301  298  307  316  317  316  324  325  326  331  338  346  354  357  359  366  374  383  392  392  392  401  407  405  408  411  413  417  425  426  435  444  435  444  443  447  452  447  451  460  468  471  476  484  487  486  493  502  504  512  520  529  537  534  543  537  538  547  556  555  558  559  568  577  579  587  596  603  611  618  623 
290  272  262  270  275  265  261  257  266  251  252  257  249  255  256  264  271  279  275  272  277  278  285  293  285  292  297  300  304  310  307  316  323  318  325  333  328  331  338  346  355  359  363  368  373  382  389  398  399  399  403  410  407  413  415  419  418  425  431  440  448  440  444  444  446  455  454  456  465  473  474  482  490  496  492  500  501  507  515  516  518  526  534  538  545  546  554  563  564  560  564  565  574  575  583  585  586  592  594  600 
299  281  267  269  270  274  264  263  270  252  258  265  258  257  263  270  272  281  279  279  284  286  294  302  290  299  300  307  306  314  309  313  322  319  327  336  333  339  346  354  355  362  363  372  376  383  390  399  405  406  406  415  415  420  424  423  427  433  436  440  447  448  453  447  454  458  462  459  467  475  482  491  499  503  495  503  510  514  523  525  523  524  533  534  539  544  553  562  566  566  573  572  577  579  588  594  594  597  601  604 
304  290  268  270  276  275  272  270  278  261  267  274  267  259  263  267  275  282  281  281  290  293  302  303  299  307  307  316  315  322  317  320  322  328  328  329  336  337  338  341  349  357  366  371  377  383  392  401  405  412  414  423  424  429  431  427  436  434  443  449  455  457  462  456  462  467  469  463  470  479  486  487  491  497  504  510  512  518  527  534  532  526  534  541  545  552  554  563  571  575  581  581  579  584  591  593  595  602  609  606 
310  299  277  272  281  284  281  275  277  270  276  279  274  267  268  269  277  283  285  288  289  291  300  309  302  310  313  321  324  331  325  329  329  337  336  331  339  345  342  347  350  359  360  367  371  380  385  388  392  399  402  404  408  416  424  433  441  442  449  458  464  459  467  457  465  472  470  472  479  487  494  492  495  504  513  512  520  527  535  542  541  531  540  549  554  559  559  564  569  575  580  586  588  590  592  595  600  602  609  612 
311  308  278  280  286  290  289  284  286  279  284  287  281  271  269  278  284  284  287  292  290  291  299  307  303  312  313  321  324  329  333  338  338  346  344  334  341  348  350  355  359  362  368  371  380  389  386  387  396  403  411  409  417  424  431  439  442  451  457  466  469  465  474  466  469  474  478  481  481  484  490  499  504  513  518  520  523  530  539  544  545  536  543  552  557  558  565  573  572  577  586  594  597  593  598  600  609  611  617  613 
317  315  286  284  287  292  294  293  294  288  293  293  289  279  271  273  281  286  289  298  298  299  306  314  305  308  317  322  331  338  341  345  345  347  353  337  346  353  355  356  364  370  377  379  385  387  390  395  402  404  413  416  417  426  435  444  451  459  458  461  469  467  472  470  477  481  483  483  482  489  498  506  513  521  521  529  528  535  544  551  554  537  542  548  557  563  571  580  581  578  586  594  597  601  604  605  613  619  626  622 
326  320  295  291  296  301  302  295  298  295  300  301  297  286  279  274  283  286  293  298  306  302  307  309  313  317  324  324  333  339  348  353  348  355  362  346  353  360  364  364  371  378  386  387  393  388  395  404  411  412  414  421  426  435  444  452  460  463  465  470  477  474  478  478  479  487  488  491  490  498  506  514  522  529  528  537  535  544  545  553  558  538  542  549  552  560  563  572  581  587  595  602  604  609  610  614  614  622  629  631 
335  329  304  300  305  309  311  302  307  300  307  306  301  294  288  278  287  287  293  300  307  308  309  318  320  326  331  325  334  342  345  351  356  363  363  347  351  360  365  373  372  374  383  391  392  397  404  412  419  418  422  426  430  431  439  443  450  457  460  467  476  482  479  481  480  487  495  500  492  501  510  519  527  531  534  543  540  546  553  559  563  547  543  552  561  569  569  577  586  592  595  604  612  612  617  620  622  624  630  639 
344  331  312  301  309  316  320  310  316  306  313  315  310  303  297  280  282  291  300  302  311  317  317  324  321  328  335  333  338  342  350  352  361  370  372  354  355  361  369  378  379  383  390  391  400  406  413  421  428  427  428  435  431  440  448  444  453  460  462  469  478  487  482  489  489  494  496  498  501  508  515  516  525  533  535  539  548  551  558  566  566  555  552  561  562  569  571  579  582  591  600  607  611  619  618  627  628  632  639  643 
351  334  317  309  315  323  321  311  318  312  321  323  319  308  306  284  291  300  308  310  317  321  325  332  330  331  339  342  339  342  350  358  367  373  374  362  360  369  370  372  381  390  398  393  401  408  411  420  428  436  434  442  439  448  457  446  451  458  465  470  479  480  483  489  496  503  497  504  509  515  517  525  532  541  544  548  557  560  561  567  570  564  556  561  569  577  577  581  588  597  598  605  611  619  627  633  633  638  646  645 
356  343  326  318  323  331  328  319  323  313  322  331  327  314  315  291  300  306  313  312  321  325  330  333  338  333  340  341  342  351  357  363  369  372  381  368  367  368  375  379  388  392  398  402  406  415  420  429  434  435  442  449  448  457  466  455  459  466  473  478  480  488  492  490  498  503  506  509  512  520  526  532  539  546  552  557  566  567  570  573  579  570  564  570  575  577  586  587  596  597  606  614  612  620  629  638  642  647  655  646 
363  352  334  320  324  331  334  328  332  314  322  331  330  323  317  296  304  313  322  313  319  326  334  342  345  335  344  345  351  360  366  372  376  376  383  376  375  376  384  388  396  396  403  410  407  416  425  433  442  442  448  449  457  465  471  457  465  472  481  487  489  493  496  494  503  511  511  514  519  525  533  540  547  550  557  566  568  576  577  576  583  575  573  579  584  582  589  591  600  603  611  616  620  627  634  643  647  648  654  650 
370  359  342  328  333  338  343  336  335  323  328  337  335  330  326  302  311  320  325  322  322  325  334  341  344  339  347  346  350  354  360  368  375  384  392  385  383  385  392  397  404  399  402  411  416  423  430  437  444  451  457  454  463  470  479  466  473  480  482  491  497  494  503  503  512  520  520  522  527  527  528  536  537  538  542  549  552  561  567  570  575  579  582  588  588  591  597  593  602  611  615  622  628  633  642  646  655  655  663  654 
378  362  350  334  334  338  347  344  343  328  332  341  344  336  335  308  315  324  331  328  323  331  340  347  349  340  349  352  359  362  365  374  383  390  394  392  392  394  400  399  408  405  410  419  424  429  433  442  451  457  466  462  463  472  477  468  477  483  489  498  498  499  508  504  512  520  523  531  528  529  537  545  538  547  546  555  561  569  575  577  581  581  588  592  596  599  602  599  603  611  617  625  630  637  643  644  651  656  664  660 
379  371  356  343  342  340  346  346  351  337  341  347  349  344  343  315  324  332  335  335  332  334  341  344  353  349  358  361  361  370  371  376  384  393  396  401  401  397  400  408  412  406  411  419  427  436  440  447  455  458  466  464  470  471  475  472  480  486  493  495  504  504  505  513  519  526  532  538  529  537  541  542  546  554  549  558  567  574  580  582  590  590  596  598  604  603  606  604  612  613  622  623  630  635  644  652  660  658  666  667 
384  380  361  346  351  341  342  343  351  338  347  352  357  353  351  321  329  338  338  341  341  343  350  350  358  357  361  369  369  372  380  385  385  393  399  408  403  405  409  415  417  415  412  421  429  435  444  453  455  456  462  470  475  473  482  474  479  484  492  500  505  511  513  521  527  533  538  546  537  545  545  548  552  560  555  562  567  575  584  587  595  597  603  602  610  606  615  607  610  619  620  621  630  633  638  647  653  660  667  674 
388  387  369  347  356  349  350  347  350  344  349  358  363  358  360  330  336  344  346  345  350  351  359  355  360  366  369  375  375  381  389  390  394  394  401  402  409  412  418  420  424  417  419  427  436  437  445  452  460  461  470  471  480  480  487  483  488  491  492  499  503  511  520  528  532  539  545  554  538  543  549  549  553  561  557  562  570  579  588  595  600  606  605  603  607  614  618  616  618  625  629  630  636  642  647  651  657  666  674  681 
395  396  378  350  355  358  359  355  355  352  358  364  372  365  367  331  339  346  351  346  349  352  359  362  366  374  370  375  379  382  383  388  397  400  409  411  416  420  420  426  432  425  427  432  436  440  441  447  456  465  474  480  488  489  495  491  493  498  493  499  507  508  512  519  520  521  530  539  545  550  558  552  557  564  566  571  578  583  592  601  601  610  610  604  612  620  624  625  625  627  631  635  636  640  649  653  660  666  675  683 
401  400  386  353  359  363  362  364  364  361  367  373  380  374  370  335  340  344  352  349  357  360  367  371  369  374  379  384  381  385  388  391  400  407  408  416  420  427  426  433  440  434  436  436  441  447  450  454  456  465  473  481  490  492  501  493  501  504  499  505  512  512  515  521  529  530  538  547  554  552  553  553  557  564  573  579  586  592  601  603  609  618  613  613  620  629  625  631  634  635  637  644  643  649  658  661  668  675  676  685 
409  402  389  362  364  366  370  372  372  370  372  378  380  380  379  343  341  348  349  357  365  367  375  379  375  381  387  387  382  390  397  400  405  414  413  422  423  424  433  441  446  442  443  441  443  451  458  462  465  473  476  482  489  491  497  498  507  512  508  513  517  521  523  530  538  538  543  552  561  559  562  560  561  564  573  581  586  593  601  609  615  623  618  622  629  632  630  639  642  642  646  653  652  658  659  666  675  683  685  691 
414  403  397  369  365  374  374  381  377  374  379  386  385  389  381  352  349  349  358  366  373  371  380  386  380  385  394  395  391  397  402  409  413  419  421  427  431  427  434  442  449  448  445  450  452  460  465  466  474  481  485  487  493  494  501  507  508  517  516  520  526  530  524  530  535  540  546  552  559  568  570  568  568  570  572  576  583  591  599  602  611  617  625  628  637  638  639  646  643  645  649  656  658  666  668  674  682  691  692  700 
423  410  406  377  368  376  382  382  385  383  387  391  388  397  390  357  353  358  366  373  382  379  388  395  381  390  397  402  397  402  411  418  422  428  428  434  440  431  438  447  456  456  450  453  459  467  471  475  481  487  493  492  497  503  507  516  513  516  525  529  535  534  533  539  544  547  548  552  559  566  570  571  573  579  581  582  586  593  597  603  611  618  622  631  640  644  648  654  649  654  657  665  663  666  671  676  677  686  695  696 
431  416  412  386  377  385  387  390  387  388  390  395  396  404  395  364  362  366  374  381  390  388  394  403  390  397  398  407  401  406  415  420  421  422  431  440  449  440  442  445  448  451  458  462  461  466  474  480  488  494  502  501  501  507  516  523  520  524  531  534  543  542  542  540  543  552  549  558  564  572  577  577  580  580  589  589  594  598  605  604  609  610  614  622  629  634  635  637  645  654  659  660  665  669  678  682  681  686  693  695 
438  417  420  392  378  386  394  399  392  396  395  396  405  413  402  372  371  374  380  381  390  394  401  409  399  406  403  411  410  415  421  423  430  431  435  444  452  449  443  452  456  460  467  467  463  468  474  480  487  496  500  507  502  511  518  520  526  527  529  538  545  551  545  541  547  556  558  567  567  572  581  581  587  588  592  596  601  607  608  606  613  616  623  623  630  638  644  646  650  657  666  664  673  678  680  682  682  685  690  699 
446  425  426  400  386  388  395  402  400  403  404  401  407  415  406  379  379  381  387  385  388  396  404  413  408  407  409  417  412  419  428  431  437  440  443  445  453  451  452  460  462  463  472  476  470  476  483  487  492  500  505  510  511  518  524  529  529  530  533  537  543  548  549  550  555  563  567  568  570  579  586  590  593  589  595  603  603  607  614  608  610  618  622  628  637  646  649  655  658  666  673  671  677  682  686  691  685  693  699  700 
447  426  427  409  395  392  401  408  409  411  409  410  414  420  415  388  388  390  389  393  396  405  411  414  415  413  418  419  420  428  437  440  445  448  452  453  456  458  456  458  465  468  477  477  471  480  482  488  491  497  506  513  518  524  531  538  538  538  541  543  551  554  555  559  556  565  572  570  573  578  584  593  602  597  598  604  610  616  618  617  619  624  626  628  636  641  650  651  654  662  663  664  670  671  676  682  689  697  700  708 
449  434  434  414  397  399  403  412  418  420  411  418  416  421  423  397  393  396  398  402  405  410  413  422  423  418  419  420  425  433  441  442  451  450  459  455  459  467  463  467  469  477  485  486  479  488  487  489  494  502  505  514  520  526  534  542  547  546  550  552  557  560  561  563  565  570  571  575  577  584  590  597  598  606  607  607  614  622  625  620  627  630  630  637  644  648  654  654  663  670  667  673  679  675  683  687  696  702  709  712 
458  443  440  423  404  407  406  415  423  429  412  421  425  430  431  400  402  403  407  408  412  418  417  424  426  425  420  425  427  433  439  448  456  454  459  464  465  474  472  475  470  478  484  491  480  489  488  496  499  505  514  518  519  520  527  535  538  542  548  556  560  566  570  572  571  579  580  581  584  587  592  601  606  612  608  613  619  623  627  622  624  633  639  639  640  649  652  657  661  670  676  679  688  684  685  694  695  703  710  713 
465  452  446  427  411  412  415  420  424  433  419  422  430  436  439  409  403  407  416  409  417  426  418  420  429  429  426  428  431  438  447  451  459  460  466  467  473  476  476  484  476  477  478  486  483  492  497  497  506  514  519  523  526  529  528  537  546  551  557  559  568  575  571  580  579  586  585  589  592  595  601  610  614  618  617  620  626  625  634  629  625  630  632  641  648  652  654  657  666  667  675  684  692  692  694  702  699  708  717  717 
467  459  454  435  413  417  424  423  428  431  427  431  439  443  447  415  407  414  418  416  418  427  427  428  437  438  430  433  440  442  451  459  464  469  468  474  478  478  484  493  478  486  487  487  484  493  500  502  511  517  525  532  527  536  531  540  547  549  558  567  576  577  572  576  583  589  594  594  601  603  610  617  623  619  618  625  634  631  638  638  630  634  641  649  657  658  663  666  674  675  684  692  701  701  703  707  707  713  718  725 
476  461  463  444  419  421  428  432  436  433  429  430  439  448  455  420  416  416  424  424  421  422  427  434  439  444  433  441  449  450  452  453  456  462  469  477  478  486  493  494  486  492  492  493  489  498  499  508  511  516  518  526  529  536  538  547  556  550  558  562  567  576  581  585  588  594  603  603  608  612  617  624  632  627  625  631  635  638  640  642  632  633  642  648  654  663  664  672  681  681  687  690  696  705  706  713  709  718  727  732 
481  469  472  453  428  429  437  436  437  440  438  435  441  446  453  428  425  418  421  426  428  423  426  433  441  444  434  439  440  449  458  462  458  459  468  475  483  489  498  499  487  494  496  502  498  506  505  513  520  524  524  532  537  545  545  550  558  556  559  567  576  585  588  594  597  598  606  611  615  621  625  633  638  635  634  639  644  641  644  650  640  642  649  651  657  666  666  669  672  680  686  691  692  699  708  716  718  725  733  737 
490  471  479  454  434  436  442  444  441  449  447  440  449  448  457  431  434  425  430  433  435  428  427  435  437  445  441  446  448  457  464  470  459  461  465  474  477  483  490  498  494  503  505  503  504  505  512  517  524  531  530  539  546  554  554  559  566  565  568  573  582  590  594  601  601  601  610  618  620  625  626  628  633  641  635  643  644  643  652  654  644  644  653  658  658  659  668  676  678  687  695  698  695  704  709  714  721  724  732  740 
494  475  482  459  443  437  446  452  448  457  456  445  452  456  464  440  442  433  434  442  438  437  435  436  439  448  450  455  455  462  468  477  468  470  473  474  482  489  498  506  501  510  511  508  506  506  514  521  530  538  537  538  547  549  553  560  564  573  575  575  580  589  597  604  609  610  614  621  628  631  635  637  637  646  640  648  651  645  650  659  652  651  658  665  666  665  666  667  676  685  691  699  697  701  707  716  722  731  740  746 
502  478  485  462  450  446  447  453  451  460  463  452  456  459  466  449  449  434  435  440  446  442  443  445  447  454  455  456  456  461  462  471  477  477  481  479  487  488  495  497  504  513  518  515  513  510  519  520  529  538  542  547  554  558  561  565  573  575  584  582  589  598  605  611  618  619  623  629  634  638  642  642  639  645  641  649  657  646  655  660  660  660  665  673  671  666  672  675  684  693  700  708  699  707  713  722  728  736  744  750 
511  487  492  469  457  452  450  459  460  468  471  460  465  462  467  458  456  443  444  444  446  443  452  449  456  463  464  462  463  465  465  471  480  486  489  488  491  497  496  505  509  518  523  523  522  519  528  529  538  545  548  554  562  563  565  570  579  584  588  591  593  600  609  617  621  620  628  637  636  644  646  651  644  650  650  657  666  652  655  659  665  662  671  673  678  675  680  676  683  692  698  707  708  713  720  726  733  738  747  750 
518  488  493  477  466  460  458  467  465  466  475  468  472  471  471  467  461  449  450  451  451  451  460  455  463  472  466  467  464  472  473  475  484  493  496  492  492  496  501  508  511  518  521  529  524  528  537  534  536  545  553  557  558  567  570  576  581  584  592  600  596  603  608  609  618  620  621  628  637  646  654  657  650  656  657  666  675  658  664  661  664  668  671  673  680  684  688  678  680  689  698  707  708  717  721  730  737  739  743  744 
527  491  495  482  473  466  466  471  466  469  476  477  476  477  477  475  462  458  453  460  459  455  456  464  472  481  475  475  465  474  482  484  485  494  503  496  496  499  508  510  514  515  522  529  525  534  542  543  542  544  552  554  560  569  577  579  587  593  598  602  605  611  614  616  619  628  629  637  643  645  651  658  657  664  665  671  677  667  670  670  670  669  673  681  687  685  694  682  689  693  702  708  716  724  728  737  744  743  750  753 
536  498  504  490  476  473  474  475  471  470  479  486  485  486  486  483  466  467  462  466  462  463  459  460  468  477  484  484  472  479  480  489  486  493  497  503  503  506  514  516  523  524  531  534  531  534  539  548  551  550  556  555  556  561  570  579  580  589  594  600  603  609  616  621  625  626  635  644  645  650  654  655  660  669  669  676  685  676  679  678  676  673  680  688  689  694  699  689  694  699  708  716  717  723  729  737  746  752  759  761 
537  503  511  497  478  480  481  484  479  474  482  491  494  495  494  485  475  468  465  474  468  464  464  463  472  481  487  490  479  485  489  496  489  498  504  506  511  511  520  524  528  533  540  543  540  538  545  551  555  552  561  562  557  563  570  574  575  582  589  598  607  611  613  622  627  627  632  636  644  646  655  657  658  660  669  677  684  684  685  686  684  682  689  697  695  699  706  692  699  708  716  717  720  726  735  744  752  753  754  763 
543  511  517  499  486  487  488  489  481  482  486  495  501  499  501  493  480  475  474  481  471  473  473  468  474  477  478  486  488  489  494  500  490  492  501  510  519  516  517  525  533  534  535  536  542  541  548  556  560  561  570  568  564  572  576  575  583  584  590  594  595  601  610  619  627  633  634  636  638  646  655  659  667  661  668  669  674  680  688  690  693  688  691  699  704  705  708  695  703  712  716  725  728  735  736  739  743  751  760  765 
552  520  522  506  494  494  496  493  489  486  493  502  509  502  510  502  486  476  476  484  480  481  479  473  482  478  484  485  486  488  494  498  496  497  506  512  517  518  518  527  529  538  544  544  551  544  551  552  561  570  578  576  572  573  582  583  585  591  599  597  600  607  614  623  627  631  634  642  642  649  653  654  663  664  669  674  679  684  692  695  701  693  699  707  706  712  717  704  712  717  724  733  737  740  745  747  746  754  763  771 
556  529  524  515  501  500  499  494  491  495  499  505  512  509  518  511  495  481  485  485  489  485  482  480  489  485  491  493  495  489  496  503  504  506  507  508  513  520  527  532  536  542  551  547  556  549  555  559  560  569  578  585  574  579  583  591  594  599  608  605  607  611  619  622  630  638  643  651  650  658  662  663  672  666  675  683  684  690  698  702  702  702  702  710  715  713  719  711  719  726  727  735  740  745  754  750  752  761  766  774 
564  538  533  520  505  506  503  503  499  502  508  513  514  518  526  514  504  487  494  488  496  492  488  486  493  490  493  494  502  491  496  505  513  513  511  514  514  523  531  538  545  550  555  554  561  556  562  564  568  574  578  584  575  582  589  597  603  608  614  613  615  619  628  629  636  645  649  656  659  664  670  672  681  671  679  688  692  693  701  708  711  706  711  716  723  721  727  719  727  728  731  738  745  751  757  754  761  768  773  782 
572  547  535  529  514  515  509  510  506  511  510  517  523  524  531  517  513  496  495  493  502  501  497  495  497  493  502  501  508  496  505  510  515  517  515  523  515  524  533  540  541  546  550  556  565  562  569  572  577  577  583  585  580  587  588  591  600  603  611  612  615  624  627  629  636  644  652  656  664  672  671  677  686  680  686  691  697  698  703  711  720  715  715  720  729  728  735  727  728  736  732  740  744  752  756  762  766  768  777  778 
579  550  544  535  519  523  518  517  515  513  518  525  527  526  533  522  522  497  498  501  505  510  502  501  501  494  497  506  510  505  512  513  521  524  524  524  521  528  537  541  550  552  557  562  564  571  572  578  584  583  592  593  589  593  595  599  608  606  615  620  624  632  631  634  640  649  653  662  671  679  677  681  690  683  692  697  706  705  711  720  721  724  723  728  737  736  742  734  737  737  740  749  753  759  763  769  769  777  785  786 
588  559  552  543  527  524  522  526  524  521  524  532  533  527  535  530  531  506  505  502  507  508  510  502  507  503  499  502  507  514  518  518  520  528  531  525  530  530  537  546  554  558  562  565  565  567  576  584  591  586  593  597  598  597  604  607  614  615  620  629  632  633  636  641  649  656  659  660  663  664  669  674  683  690  698  704  713  706  711  713  715  724  725  727  733  734  743  736  743  745  748  752  760  768  772  778  778  780  782  791 
595  565  560  551  529  531  525  533  532  522  531  539  540  536  543  532  536  515  512  511  516  516  511  508  512  507  504  511  515  522  520  526  528  537  536  528  532  539  545  548  549  551  559  567  569  573  582  591  599  593  600  600  601  605  609  615  623  621  629  630  634  642  643  644  651  660  668  669  671  665  667  672  681  689  690  693  701  702  704  713  720  727  731  735  737  743  752  739  744  752  757  761  769  777  773  781  786  788  791  792 
604  573  566  554  536  540  534  539  536  531  537  546  547  539  540  533  541  524  520  512  513  519  520  510  519  515  507  516  523  529  526  535  533  542  540  530  537  541  550  556  558  553  557  560  569  578  581  590  596  602  609  609  608  607  608  617  624  623  631  636  643  649  652  653  656  662  665  674  678  674  675  681  682  687  692  694  700  708  713  722  727  735  740  744  745  752  760  747  753  759  763  766  774  779  774  781  788  796  796  801 
613  580  575  563  538  546  543  548  545  537  539  548  555  546  548  538  542  533  526  519  522  527  527  517  526  523  509  516  525  533  535  539  534  543  549  531  534  543  552  561  567  555  561  569  577  584  583  592  600  606  610  610  617  610  617  626  633  629  636  639  644  648  653  654  662  668  672  677  678  681  682  689  687  692  693  699  708  709  716  718  724  731  740  745  754  761  764  756  759  767  770  767  772  781  777  780  785  794  803  805 
615  581  576  572  547  553  545  554  551  543  544  553  554  551  557  547  550  540  531  527  526  532  536  524  533  524  518  524  525  527  535  539  542  546  555  538  540  547  555  557  566  558  567  576  585  586  586  593  601  610  617  619  626  619  626  635  642  638  645  648  645  654  658  656  663  672  680  686  687  690  690  690  696  701  701  708  715  716  723  727  733  740  744  752  761  765  773  761  768  774  773  768  773  778  784  788  794  803  811  813 
620  586  585  576  556  558  554  562  555  552  550  557  563  553  555  556  559  547  537  532  535  534  542  533  542  530  527  533  534  535  537  546  549  550  559  545  546  549  551  560  562  559  560  567  572  579  583  584  593  602  603  604  609  618  627  635  641  641  649  657  653  662  666  660  667  676  681  686  695  698  693  698  705  710  707  710  719  725  725  728  735  741  750  756  765  770  778  765  770  779  782  777  779  779  788  797  798  805  814  822 
629  590  594  585  565  559  559  567  558  561  551  559  566  559  556  565  568  553  546  533  541  543  550  536  539  539  533  537  543  543  546  555  557  558  565  552  549  553  552  561  570  568  569  571  580  588  591  588  593  601  610  611  618  620  623  632  637  642  651  656  661  668  672  662  665  673  682  688  696  703  696  697  706  708  708  716  719  724  729  737  740  749  756  761  764  772  781  768  774  775  783  781  786  788  793  794  797  801  808  812 
638  591  593  594  573  568  561  562  565  566  560  566  572  564  557  562  570  557  555  542  543  547  551  543  547  542  542  545  544  547  550  559  559  562  571  554  556  560  559  567  576  575  576  580  585  591  595  596  602  610  617  620  622  629  631  639  646  647  656  665  662  668  674  668  668  675  679  687  696  704  702  705  711  710  715  718  725  729  734  743  745  754  759  764  770  777  782  776  780  782  789  787  792  794  802  802  804  809  813  818 
641  598  602  602  581  571  570  563  568  567  564  566  573  572  560  569  578  566  557  548  544  551  560  551  550  544  543  550  553  552  551  555  559  566  570  563  565  563  568  576  585  583  585  586  587  596  604  605  611  619  619  628  623  632  640  647  655  656  663  670  669  671  674  673  672  676  679  685  692  699  702  709  711  717  724  726  726  733  742  748  754  763  768  773  779  782  789  778  785  789  798  796  800  803  811  804  811  814  821  822 
650  607  610  611  584  577  579  567  569  568  569  567  576  578  569  573  582  573  565  557  553  552  557  556  559  551  547  555  557  556  560  560  566  567  574  572  574  569  577  580  587  591  594  595  592  599  600  606  613  617  626  631  632  639  648  656  664  665  666  667  676  679  677  681  674  682  683  690  699  704  705  709  714  720  728  728  727  736  737  745  750  754  760  769  776  777  785  780  788  789  798  797  805  812  816  813  812  820  829  824 